     76.00    102.00    119.00     84.00
    120.00     95.00    162.15     77.91
    185.00     97.00    227.92     79.73
    207.00    106.00    249.64     89.01
    223.00     98.00    265.87     80.91
    259.00    109.00    301.56     91.51
    269.00    104.00    311.00     87.00
    312.00    103.00    354.17     86.32
    318.00    106.00    360.04     89.36
    323.00    101.00    365.34     84.61
    392.00     99.00    434.22     82.44
    395.00     86.00    438.02     69.57
    405.00     93.00    447.00     77.00
    411.00    100.00    453.16     83.12
    456.00    105.00    497.85     87.60
    458.00    112.00    499.47     94.59
     75.00    127.00    117.08    108.92
     79.00    120.00    121.16    102.56
     88.00    121.00    129.71    103.63
    121.00    121.00    163.25    103.67
    131.00    121.00    173.13    103.52
    155.00    147.00    197.05    129.51
    168.00    152.00    209.00    135.00
    177.00    143.00    219.24    125.52
    182.00    158.00    223.95    140.34
    211.00    131.00    253.01    113.91
    222.00    162.00    264.09    144.68
    230.00    125.00    272.19    107.69
    271.00    137.00    313.43    119.73
    277.00    137.00    319.29    119.64
    295.00    140.00    338.00    123.00
    312.00    115.00    354.23     98.13
    321.00    117.00    363.18    100.46
    345.00    121.00    386.38    104.43
    357.00    124.00    397.93    107.20
    366.00    130.00    407.11    113.21
    386.00    145.00    427.72    128.50
    405.00    157.00    446.05    139.47
    434.00    122.00    475.35    104.80
    443.00    117.00    484.31     99.41
    478.00    151.00    519.05    133.77
    482.00    123.00    523.47    105.79
    484.00    145.00    524.91    127.75
     96.00    166.00    137.21    148.58
    105.00    191.00    146.36    173.08
    108.00    206.00    149.48    188.36
    128.00    183.00    169.93    164.95
    139.00    192.00    180.46    174.16
    159.00    175.00    200.66    156.98
    167.00    193.00    208.48    175.37
    173.00    165.00    214.77    147.55
    208.00    176.00    250.38    159.23
    229.00    184.00    271.47    166.95
    232.00    174.00    274.00    157.00
    233.00    193.00    275.58    175.89
    270.00    198.00    312.42    180.68
    300.00    201.00    342.46    183.91
    301.00    207.00    343.10    189.61
    312.00    164.00    354.03    146.24
    312.00    197.00    354.71    179.91
    314.00    205.00    356.46    188.04
    364.00    185.00    405.57    168.19
    373.00    164.00    414.38    146.99
    399.00    181.00    440.34    164.08
    422.00    170.00    462.55    152.73
    424.00    198.00    464.75    180.66
    433.00    208.00    473.63    190.84
    485.00    163.00    525.87    145.67
    488.00    180.00    528.54    162.13
    491.00    174.00    531.81    156.29
    499.00    175.00    539.85    157.20
    509.00    173.00    550.07    154.97
     76.00    218.00    117.56    200.52
     99.00    221.00    141.00    204.00
    107.00    219.00    148.37    200.76
    147.00    244.00    188.84    226.08
    149.00    255.00    191.01    237.07
    157.00    253.00    199.32    235.48
    195.00    229.00    238.00    212.00
    202.00    251.00    245.55    233.23
    204.00    258.00    247.66    240.57
    222.00    251.00    266.00    233.00
    235.00    222.00    278.44    204.22
    246.00    245.00    289.50    227.45
    282.00    253.00    324.48    235.86
    299.00    248.00    341.01    230.77
    306.00    248.00    347.94    230.83
    312.00    244.00    354.11    226.86
    316.00    216.00    358.59    198.97
    347.00    246.00    389.17    228.31
    357.00    255.00    398.97    237.54
    363.00    220.00    404.78    203.22
    379.00    216.00    420.68    199.26
    407.00    249.00    448.17    232.54
    426.00    231.00    466.99    214.57
    431.00    238.00    472.48    221.46
    456.00    251.00    498.00    235.00
     74.00    268.00    116.40    251.23
     89.00    269.00    131.55    251.92
    129.00    265.00    170.86    247.68
    133.00    287.00    174.57    268.86
    159.00    288.00    202.00    271.00
    190.00    269.00    232.65    251.33
    205.00    263.00    249.00    245.00
    207.00    269.00    250.30    251.27
    214.00    291.00    257.38    273.29
    220.00    290.00    263.22    272.42
    239.00    261.00    282.31    243.64
    274.00    259.00    316.72    242.06
    281.00    264.00    323.08    246.92
    298.00    266.00    340.20    248.55
    330.00    261.00    371.84    243.58
    330.00    266.00    371.92    248.63
    336.00    284.00    378.00    266.33
    372.00    296.00    413.00    279.00
    379.00    287.00    420.47    270.86
    380.00    267.00    421.85    250.41
    423.00    284.00    464.67    267.51
    442.00    300.00    483.92    283.74
     83.00    322.00    125.00    304.42
    104.00    345.00    145.78    327.56
    111.00    337.00    152.90    319.81
    151.00    319.00    193.62    301.81
    160.00    351.00    202.25    333.72
    162.00    313.00    204.77    295.72
    175.00    348.00    217.54    330.55
    204.00    340.00    246.49    322.68
    204.00    353.00    246.49    335.65
    221.00    348.00    263.35    330.66
    237.00    308.00    279.34    290.60
    255.00    318.00    297.26    300.86
    302.00    344.00    344.00    326.00
    305.00    339.00    346.64    321.49
    306.00    333.00    347.61    315.51
    318.00    332.00    359.59    314.71
    344.00    330.00    385.00    313.00
    350.00    328.00    391.25    311.03
    357.00    339.00    398.37    322.22
    361.00    325.00    402.46    308.33
    395.00    315.00    436.42    298.74
    403.00    321.00    444.72    304.86
     95.00    380.00    136.75    362.97
    101.00    372.00    142.19    354.21
    104.00    381.00    145.89    364.09
    142.00    401.00    184.12    383.90
    151.00    377.00    193.03    359.82
    155.00    397.00    196.81    379.94
    189.00    386.00    231.21    368.78
    193.00    367.00    235.35    349.71
    197.00    358.00    239.46    340.57
    221.00    357.00    263.41    339.65
    221.00    385.00    262.97    367.76
    228.00    366.00    270.18    348.64
    270.00    400.00    311.56    382.77
    273.00    364.00    314.72    346.22
    285.00    393.00    326.25    375.75
    318.00    385.00    359.46    368.20
    344.00    374.00    385.41    357.49
    351.00    363.00    392.32    346.31
    355.00    382.00    396.36    365.53
    391.00    378.00    432.21    361.45
    400.00    388.00    441.00    371.00
    436.00    382.00    477.69    365.12
    441.00    386.00    482.64    368.86
    444.00    370.00    486.04    353.51
    463.00    363.00    505.00    347.00
    471.00    367.00    512.76    350.79
    477.00    372.00    519.78    356.12
     82.00    417.00    124.16    401.14
     96.00    427.00    137.00    410.00
    113.00    447.00    154.67    430.27
    137.00    421.00    179.04    403.84
    150.00    414.00    191.75    396.83
    159.00    429.00    200.65    412.26
    173.00    447.00    214.79    430.23
    175.00    425.00    217.03    407.94
    193.00    431.00    235.08    414.03
    219.00    428.00    260.00    411.00
    248.00    411.00    289.62    394.01
    258.00    403.00    299.89    385.69
    263.00    407.00    304.72    389.75
    264.00    448.00    304.05    430.80
    302.00    436.00    343.05    419.38
    321.00    449.00    362.00    432.00
    333.00    444.00    374.49    427.21
    351.00    447.00    392.28    430.23
    395.00    428.00    436.37    411.10
    399.00    436.00    440.41    418.96
    401.00    432.00    442.43    415.36
    419.00    410.00    460.64    393.12
    420.00    436.00    461.29    419.07
    430.00    425.00    471.66    408.15
    467.00    448.00    509.43    431.77
     74.00    459.00    115.10    441.49
     84.00    472.00    125.00    454.57
    108.00    498.00    149.39    481.07
    131.00    485.00    172.00    468.00
    137.00    495.00    178.38    478.22
    139.00    468.00    180.62    451.60
    172.00    455.00    213.00    438.00
    207.00    453.00    247.99    435.93
    209.00    469.00    250.34    452.46
    215.00    451.00    256.08    433.79
    223.00    456.00    263.37    438.90
    235.00    464.00    274.81    447.14
    284.00    495.00    325.23    477.98
    306.00    478.00    347.06    461.74
    306.00    492.00    347.35    474.83
    333.00    457.00    375.00    440.00
    342.00    493.00    383.33    475.29
    348.00    484.00    389.00    467.00
    386.00    465.00    427.31    447.77
    393.00    478.00    434.18    461.09
    394.00    495.00    434.75    477.89
    414.00    493.00    454.97    475.96
    441.00    497.00    482.29    479.98
    483.00    453.00    530.53    440.72
    488.00    461.00    535.30    448.37
     76.00    520.00    116.33    503.18
     90.00    527.00    130.69    510.57
    112.00    539.00    153.06    521.47
    120.00    530.00    161.27    512.99
    123.00    514.00    163.98    496.94
    144.00    529.00    185.24    511.94
    171.00    525.00    212.83    508.17
    185.00    535.00    225.82    517.09
    195.00    536.00    235.37    517.83
    253.00    531.00    294.28    513.70
    255.00    514.00    295.97    496.90
    256.00    526.00    297.19    508.80
    262.00    527.00    303.10    509.75
    268.00    519.00    309.31    501.73
    296.00    504.00    337.35    486.80
    316.00    524.00    357.44    506.42
    350.00    506.00    391.15    488.59
    352.00    526.00    393.70    508.47
    363.00    517.00    404.75    499.54
    375.00    537.00    416.42    519.49
    382.00    528.00    423.69    510.28
    438.00    543.00    480.23    526.36
    439.00    510.00    481.00    493.00
    448.00    526.00    490.30    509.24
    461.00    534.00    502.00    516.00
