     43.00    103.00    215.00     95.00
     79.00     63.00    251.00     71.00
    186.00    125.00    325.00    139.00
    301.00     42.00    433.00    100.00
    310.00     71.00    433.00    120.00
    409.00    129.00    503.00    185.00
    459.00    120.00    546.00    187.00
    496.00     63.00    586.00    152.00
    625.00     45.00    694.00    163.00
    250.00    178.00    367.00    193.00
    251.00    160.00    369.00    176.00
    448.00    194.00    524.00    242.00
    510.00    218.00    567.00    272.00
    563.00    151.00    626.00    231.00
    862.00    211.00    859.00    334.00
    900.00    191.00    893.00    326.00
     56.00    293.00    188.00    242.00
    109.00    258.00    237.00    226.00
    137.00    225.00    267.00    205.00
    274.00    257.00    371.00    254.00
    648.00    301.00    666.00    364.00
    889.00    266.00    870.00    385.00
    899.00    248.00    881.00    372.00
    958.00    241.00    929.00    377.00
     54.00    328.00    179.00    265.00
    223.00    387.00    304.00    345.00
    401.00    352.00    454.00    353.00
    554.00    344.00    579.00    377.00
    561.00    344.00    586.00    377.00
    643.00    400.00    643.00    438.00
    648.00    389.00    648.00    428.00
    683.00    370.00    682.00    422.00
     97.00    465.00    189.00    378.00
    143.00    420.00    235.00    356.00
    227.00    496.00    288.00    427.00
    342.00    501.00    380.00    456.00
    471.00    424.00    498.00    421.00
    770.00    462.00    736.00    512.00
    783.00    456.00    748.00    507.00
     92.00    558.00    166.00    449.00
    147.00    564.00    208.00    465.00
    341.00    575.00    365.00    513.00
    650.00    510.00    626.00    522.00
    778.00    572.00    721.00    595.00
     94.00    633.00    153.00    509.00
    101.00    623.00    163.00    502.00
    200.00    596.00    246.00    500.00
    341.00    652.00    351.00    570.00
    459.00    679.00    441.00    613.00
    521.00    679.00    490.00    627.00
    626.00    643.00    583.00    622.00
    118.00    780.00    145.00    624.00
    337.00    714.00    335.00    617.00
    354.00    751.00    340.00    649.00
    406.00    765.00    381.00    671.00
    697.00    704.00    630.00    682.00
    134.00    785.00    156.00    630.00
    425.00    858.00    379.00    746.00
    114.00    937.00    111.00    744.00
    188.00    937.00    172.00    757.00
    319.00    934.00    276.00    782.00
