     79.00     78.00     77.55     82.99
     95.00     75.00     93.74     79.60
    166.00    121.00    165.71    123.82
    175.00    118.00    175.11    121.17
    200.00    119.00    200.22    121.73
    220.00    118.00    220.74    120.20
    255.00     97.00    254.00    100.00
    282.00    103.00    282.00    105.00
    300.00     90.00    299.35     92.86
    327.00     94.00    325.75     96.89
    400.00     84.00    397.00     87.00
    413.00    103.00    412.00    104.00
    457.00    103.00    456.41    102.91
    515.00    118.00    514.57    120.65
    516.00    124.00    516.88    128.52
    518.00     87.00    517.23     89.75
    539.00     87.00    537.88     89.71
    628.00    110.00    628.12    108.94
    628.00    116.00    627.89    114.44
     83.00    146.00     81.87    148.62
     89.00    139.00     88.23    141.40
    160.00    132.00    159.58    134.68
    177.00    134.00    177.27    136.92
    202.00    133.00    202.19    135.79
    209.00    132.00    208.98    134.67
    239.00    145.00    238.68    146.21
    290.00    142.00    288.84    143.93
    301.00    153.00    299.00    154.00
    312.00    150.00    310.36    152.08
    402.00    159.00    397.96    159.33
    417.00    158.00    413.77    158.17
    473.00    149.00    473.00    149.00
    504.00    145.00    503.34    145.08
     95.00    185.00     94.77    188.16
    103.00    213.00    102.37    213.47
    143.00    186.00    142.80    188.39
    180.00    227.00    180.05    226.94
    197.00    212.00    197.00    214.00
    225.00    207.00    225.45    206.00
    252.00    233.00    251.88    230.57
    306.00    184.00    303.79    184.22
    335.00    187.00    331.94    189.21
    374.00    208.00    370.15    210.31
    395.00    232.00    393.29    234.59
    429.00    228.00    428.54    231.04
    468.00    230.00    467.59    234.01
    502.00    234.00    501.39    235.97
    211.00    263.00    211.99    262.15
    218.00    260.00    218.97    258.18
    278.00    246.00    275.42    242.95
    287.00    239.00    284.62    235.92
    313.00    285.00    311.80    287.94
    322.00    292.00    321.06    294.47
    369.00    287.00    368.48    289.93
    379.00    262.00    378.37    264.96
    406.00    237.00    404.05    239.48
    464.00    261.00    463.74    264.25
    508.00    264.00    508.00    267.00
    532.00    285.00    532.55    288.38
    550.00    286.00    552.00    289.00
    583.00    269.00    582.30    271.61
    590.00    269.00    590.39    271.57
     83.00    339.00     85.00    337.00
    124.00    333.00    123.00    335.00
    142.00    326.00    141.23    328.46
    152.00    327.00    151.00    329.00
    223.00    308.00    223.87    308.99
    256.00    319.00    257.00    321.00
    261.00    328.00    261.31    330.55
    325.00    312.00    324.20    314.40
    345.00    315.00    344.29    317.88
    349.00    338.00    348.34    339.83
    390.00    301.00    389.88    304.69
    409.00    305.00    409.00    309.00
    411.00    329.00    412.95    331.01
    515.00    299.00    514.87    303.22
    521.00    325.00    521.27    330.52
    565.00    293.00    565.83    296.08
    581.00    314.00    581.75    317.20
    582.00    301.00    582.24    304.33
     99.00    367.00     92.39    366.78
    105.00    367.00    100.73    366.17
    151.00    382.00    149.77    382.95
    158.00    351.00    157.07    353.53
    192.00    380.00    190.80    381.16
    193.00    396.00    193.00    398.00
    309.00    357.00    308.31    358.93
    323.00    379.00    323.00    382.00
    431.00    376.00    430.95    379.81
    459.00    390.00    458.00    394.00
    468.00    389.00    467.83    392.73
    480.00    376.00    480.79    379.69
    520.00    385.00    520.82    389.22
    569.00    373.00    570.34    377.65
    587.00    371.00    588.00    376.00
    596.00    369.00    598.13    373.10
    190.00    455.00    188.73    456.91
    194.00    440.00    192.96    441.86
    248.00    458.00    248.44    460.09
    279.00    406.00    282.79    407.03
    375.00    427.00    376.81    429.96
    432.00    424.00    431.69    427.85
    452.00    419.00    451.63    423.17
    465.00    424.00    465.87    428.91
    505.00    420.00    506.00    425.00
    544.00    428.00    545.20    432.24
    566.00    457.00    566.00    461.00
    588.00    446.00    590.29    449.72
    623.00    426.00    625.52    429.61
    166.00    492.00    163.01    494.13
    227.00    476.00    226.52    478.00
    232.00    476.00    231.68    478.10
    246.00    489.00    246.21    491.14
    259.00    488.00    259.69    490.30
    314.00    499.00    314.95    502.80
    317.00    508.00    317.31    511.72
    384.00    473.00    384.16    476.74
    386.00    506.00    385.44    509.63
    407.00    510.00    406.00    513.00
    417.00    504.00    415.98    507.82
    473.00    507.00    473.46    512.48
    481.00    505.00    480.85    509.39
    541.00    512.00    542.00    515.00
    557.00    511.00    557.33    513.44
    578.00    488.00    579.09    491.09
    583.00    505.00    583.87    507.76
     81.00    517.00     79.00    519.00
     83.00    529.00     81.70    531.51
    133.00    526.00    131.65    528.94
    176.00    567.00    174.37    570.13
    224.00    564.00    222.33    566.85
    234.00    519.00    232.00    522.00
    246.00    557.00    244.68    560.10
    253.00    556.00    251.54    558.76
    341.00    523.00    340.95    526.49
    341.00    555.00    341.03    558.24
    389.00    543.00    388.17    545.97
    394.00    562.00    393.14    564.84
    435.00    567.00    434.76    570.64
    454.00    532.00    452.04    535.69
    467.00    541.00    466.11    544.71
    491.00    524.00    491.07    528.01
    538.00    528.00    538.27    530.70
    577.00    540.00    577.13    542.11
    595.00    567.00    595.00    567.00
     83.00    606.00     82.00    608.00
    118.00    613.00    117.95    615.68
    136.00    614.00    136.14    617.01
    163.00    614.00    162.24    616.74
    227.00    597.00    225.69    599.55
    235.00    616.00    234.09    618.20
    241.00    622.00    239.98    624.42
    247.00    576.00    245.46    578.44
    334.00    589.00    332.60    591.87
    341.00    626.00    340.78    628.27
    354.00    623.00    352.90    625.51
    359.00    618.00    357.58    619.94
    521.00    594.00    520.98    597.01
    528.00    598.00    527.30    599.17
