    270.00    295.00    269.98    295.01
    271.00    259.00    270.99    259.01
    280.00    290.00    279.98    290.01
    287.00    276.00    286.98    276.01
    291.00    290.00    290.98    290.01
    304.00    269.00    303.98    269.01
    304.00    298.00    303.98    298.01
    306.00    285.00    305.99    285.01
    309.00    265.00    308.98    265.01
    309.00    280.00    308.98    280.01
    315.00    307.00    314.98    307.01
    316.00    271.00    315.99    271.01
    321.00    283.00    320.98    283.01
    323.00    268.00    322.99    268.01
    326.00    310.00    325.99    310.01
    334.00    297.00    333.99    297.01
    340.00    289.00    339.98    289.01
    341.00    257.00    340.98    257.02
    345.00    281.00    344.98    281.01
    365.00    295.00    364.98    295.01
    372.00    300.00    371.98    300.02
    405.00    280.00    404.98    280.01
    408.00    289.00    407.99    289.01
    409.00    266.00    408.99    266.01
    411.00    282.00    410.99    282.01
    412.00    295.00    411.98    295.01
    414.00    288.00    413.99    288.01
    417.00    297.00    416.99    297.01
    418.00    267.00    417.99    267.01
    423.00    298.00    422.99    298.01
    431.00    305.00    430.99    305.01
    432.00    277.00    431.99    277.01
    433.00    261.00    432.99    261.01
    436.00    287.00    435.99    287.01
    439.00    273.00    438.99    273.01
    439.00    306.00    438.99    306.01
    447.00    275.00    446.99    275.01
    456.00    258.00    455.99    258.01
    457.00    272.00    456.98    272.01
    462.00    266.00    461.99    266.01
    499.00    300.00    498.99    300.01
    510.00    287.00    509.99    287.01
    513.00    281.00    512.98    281.01
    514.00    294.00    513.99    294.01
    519.00    284.00    518.99    284.01
    520.00    280.00    519.99    280.01
    522.00    272.00    521.98    272.01
    531.00    263.00    530.99    263.01
    531.00    281.00    530.99    281.01
    541.00    259.00    540.98    259.01
    261.00    323.00    260.98    323.01
    263.00    317.00    262.98    317.01
    263.00    331.00    262.98    331.01
    276.00    321.00    275.98    321.01
    301.00    344.00    300.98    344.02
    303.00    327.00    302.98    327.01
    307.00    366.00    306.98    366.02
    309.00    312.00    308.98    312.01
    310.00    320.00    309.98    320.01
    310.00    362.00    309.98    362.02
    313.00    355.00    312.98    355.02
    315.00    344.00    314.98    344.01
    318.00    333.00    317.99    333.01
    319.00    367.00    318.98    367.01
    320.00    320.00    319.98    320.02
    345.00    356.00    344.98    356.02
    357.00    358.00    356.98    358.01
    358.00    366.00    357.99    366.01
    362.00    336.00    361.98    336.01
    364.00    329.00    363.98    329.01
    371.00    354.00    370.99    354.02
    372.00    344.00    371.98    344.02
    380.00    338.00    379.99    338.01
    381.00    343.00    380.98    343.01
    383.00    357.00    382.98    357.02
    388.00    314.00    387.99    314.01
    390.00    365.00    389.99    365.01
    397.00    313.00    396.99    313.01
    405.00    323.00    404.98    323.01
    411.00    332.00    410.98    332.01
    436.00    368.00    435.98    368.02
    438.00    349.00    437.99    349.01
    442.00    356.00    441.98    356.01
    448.00    349.00    447.98    349.02
    456.00    354.00    455.98    354.01
    458.00    368.00    457.98    368.01
    462.00    335.00    461.98    335.01
    465.00    366.00    464.99    366.01
    470.00    345.00    469.99    345.01
    486.00    328.00    485.98    328.01
    489.00    324.00    488.98    324.01
    490.00    369.00    489.98    369.01
    494.00    333.00    493.99    333.01
    498.00    349.00    497.99    349.01
    505.00    311.00    504.98    311.01
    511.00    353.00    510.98    353.01
    513.00    344.00    512.98    344.01
    516.00    338.00    515.98    338.01
    519.00    334.00    518.99    334.01
    532.00    333.00    531.98    333.01
    260.00    379.00    259.98    379.01
    274.00    389.00    273.99    389.01
    279.00    425.00    278.98    425.01
    286.00    411.00    285.98    411.01
    287.00    382.00    286.99    382.01
    292.00    405.00    291.98    405.01
    294.00    394.00    293.99    394.01
    297.00    378.00    296.98    378.01
    299.00    389.00    298.98    389.01
    308.00    392.00    307.98    392.02
    319.00    388.00    318.98    388.01
    324.00    411.00    323.98    411.01
    329.00    375.00    328.98    375.02
    333.00    406.00    332.99    406.01
    338.00    394.00    337.99    394.01
    340.00    374.00    339.99    374.01
    343.00    405.00    342.99    405.01
    348.00    399.00    347.99    399.01
    350.00    383.00    349.99    383.01
    361.00    399.00    360.99    399.01
    378.00    388.00    377.98    388.01
    383.00    370.00    382.99    370.01
    394.00    425.00    393.99    425.01
    399.00    427.00    398.99    427.01
    406.00    409.00    405.99    409.01
    407.00    425.00    406.99    425.01
    418.00    404.00    417.99    404.01
    418.00    421.00    417.99    421.01
    420.00    394.00    419.99    394.01
    428.00    382.00    427.99    382.01
    429.00    407.00    428.98    407.01
    450.00    414.00    449.99    414.01
    454.00    400.00    453.98    400.01
    458.00    410.00    457.99    410.01
    460.00    399.00    459.99    399.01
    467.00    374.00    466.99    374.01
    469.00    405.00    468.99    405.01
    475.00    381.00    474.98    381.01
    478.00    398.00    477.99    398.01
    484.00    383.00    483.98    383.01
    490.00    400.00    489.98    400.01
    491.00    423.00    490.99    423.01
    497.00    394.00    496.99    394.01
    499.00    404.00    498.99    404.01
    509.00    410.00    508.99    410.01
    518.00    419.00    517.99    419.01
    521.00    427.00    520.99    427.01
    529.00    426.00    528.99    426.01
    542.00    416.00    541.98    416.01
    543.00    424.00    542.98    424.01
    255.00    450.00    254.99    450.01
    260.00    458.00    259.99    458.01
    265.00    452.00    264.98    452.01
    268.00    464.00    267.98    464.01
    269.00    446.00    268.99    446.01
    272.00    452.00    271.98    452.01
    276.00    475.00    275.99    475.01
    278.00    433.00    277.99    433.01
    278.00    458.00    277.99    458.01
    288.00    480.00    287.98    480.01
    332.00    481.00    331.98    481.01
    335.00    469.00    334.99    469.01
    348.00    453.00    347.99    453.01
    354.00    475.00    353.99    475.01
    356.00    469.00    355.99    469.01
    358.00    463.00    357.99    463.02
    361.00    455.00    360.99    455.02
    361.00    476.00    360.99    476.01
    363.00    442.00    362.99    442.01
    366.00    471.00    365.99    471.01
    387.00    464.00    386.99    464.01
    389.00    458.00    388.99    458.01
    396.00    454.00    395.99    454.01
    399.00    485.00    398.99    485.01
    408.00    459.00    407.98    459.01
    409.00    486.00    408.99    486.01
    420.00    476.00    419.98    476.01
    421.00    440.00    420.98    440.01
    423.00    456.00    422.98    456.01
    426.00    437.00    425.99    437.01
    431.00    458.00    430.99    458.01
    433.00    438.00    432.99    438.01
    439.00    459.00    438.99    459.01
    439.00    467.00    438.99    467.01
    446.00    447.00    445.98    447.01
    449.00    469.00    448.99    469.01
    452.00    445.00    451.98    445.01
    461.00    452.00    460.99    452.01
    466.00    441.00    465.99    441.01
    470.00    433.00    469.99    433.01
    491.00    483.00    490.99    483.01
    493.00    462.00    492.99    462.01
    504.00    430.00    503.99    430.01
    507.00    439.00    506.99    439.01
    509.00    429.00    508.99    429.01
    523.00    463.00    522.99    463.01
    529.00    432.00    528.98    432.01
    530.00    483.00    529.98    483.01
    535.00    457.00    534.99    457.01
    541.00    439.00    540.98    439.01
    261.00    534.00    260.99    534.01
    264.00    529.00    263.99    529.01
    266.00    504.00    265.99    504.01
    266.00    518.00    265.99    518.01
    268.00    496.00    267.98    496.01
    270.00    527.00    269.99    527.02
    272.00    518.00    271.99    518.01
    276.00    507.00    275.99    507.01
    281.00    497.00    280.99    497.01
    288.00    489.00    287.99    489.01
    335.00    491.00    334.99    491.02
    339.00    539.00    338.99    539.01
    351.00    529.00    350.99    529.01
    357.00    541.00    357.00    541.01
    358.00    508.00    357.99    508.01
    363.00    500.00    362.99    500.01
    363.00    527.00    362.99    527.01
    364.00    519.00    363.99    519.01
    365.00    543.00    364.99    543.01
    367.00    536.00    366.99    536.01
    377.00    505.00    376.99    505.01
    394.00    503.00    393.99    503.02
    395.00    511.00    394.99    511.01
    400.00    495.00    399.98    495.02
    405.00    533.00    404.99    533.01
    407.00    510.00    406.99    510.01
    412.00    517.00    411.99    517.01
    415.00    541.00    414.99    541.01
    417.00    508.00    416.99    508.01
    422.00    522.00    421.99    522.01
    429.00    503.00    428.99    503.01
    433.00    531.00    432.99    531.01
    437.00    488.00    436.99    488.01
    438.00    516.00    437.99    516.01
    442.00    506.00    441.99    506.01
    442.00    537.00    441.99    537.01
    443.00    495.00    442.99    495.02
    444.00    501.00    443.99    501.01
    454.00    541.00    453.99    541.01
    470.00    514.00    469.99    514.01
    500.00    527.00    499.99    527.01
    503.00    521.00    502.99    521.01
    516.00    527.00    515.99    527.01
    517.00    489.00    516.99    489.01
    520.00    498.00    519.99    498.01
    520.00    513.00    519.99    513.01
    525.00    492.00    524.99    492.01
    533.00    515.00    532.99    515.01
    534.00    533.00    533.99    533.01
    541.00    535.00    540.99    535.01
