     81.00     84.00     88.92     81.50
     84.00     98.00     92.09     96.07
     89.00     96.00     96.94     93.89
    104.00     92.00    111.79     90.00
    106.00     65.00    113.27     63.33
    127.00     88.00    135.19     86.98
    152.00     68.00    159.52     66.79
    164.00     67.00    170.89     66.41
    179.00     69.00    185.48     68.31
    201.00    100.00    208.95     99.96
    209.00     98.00    216.71     98.27
    221.00     95.00    228.60     95.10
    228.00     65.00    234.07     66.66
    230.00     91.00    237.64     92.08
    254.00     99.00    260.42     98.92
    267.00     94.00    273.61     94.13
    290.00     70.00    295.79     69.96
    308.00     90.00    314.86     90.28
    315.00     92.00    321.89     92.86
    338.00     95.00    344.91     95.69
    342.00     95.00    348.72     95.69
    360.00     66.00    366.02     67.83
    374.00     88.00    380.35     89.50
    389.00     95.00    395.60     96.00
    401.00     96.00    406.64     98.13
    412.00     69.00    417.32     71.13
    446.00     65.00    451.13     67.63
    447.00     73.00    452.23     75.77
    452.00     83.00    457.64     84.97
     74.00    139.00     82.65    137.20
     81.00    134.00     90.00    133.00
     85.00    128.00     92.94    125.86
    120.00    117.00    127.81    115.94
    127.00    104.00    135.20    103.36
    139.00    117.00    146.84    116.24
    143.00    111.00    150.00    109.00
    153.00    134.00    160.71    133.75
    178.00    126.00    185.85    125.85
    193.00    103.00    200.50    103.05
    207.00    108.00    215.00    108.00
    213.00    105.00    220.89    104.46
    224.00    125.00    231.97    124.94
    244.00    130.00    251.56    129.95
    254.00    121.00    261.21    121.10
    264.00    124.00    270.44    123.98
    274.00    115.00    280.81    114.84
    280.00    120.00    286.38    120.34
    303.00    125.00    309.78    125.00
    308.00    104.00    314.75    104.30
    318.00    124.00    324.63    124.12
    344.00    125.00    351.46    125.44
    367.00    126.00    376.00    128.00
    367.00    130.00    375.31    131.70
    407.00    122.00    413.77    124.08
    408.00    128.00    414.99    130.21
    408.00    138.00    415.06    139.90
    423.00    133.00    430.00    135.00
    437.00    131.00    443.20    133.00
    449.00    130.00    454.63    132.57
     77.00    151.00     85.55    149.98
     78.00    159.00     86.78    158.16
     78.00    170.00     86.61    168.45
    112.00    160.00    120.22    159.43
    134.00    149.00    142.24    148.64
    134.00    179.00    142.53    178.43
    160.00    167.00    167.57    166.63
    166.00    163.00    174.06    162.57
    173.00    165.00    180.71    164.65
    206.00    161.00    214.07    161.07
    217.00    156.00    225.15    155.59
    220.00    147.00    227.78    146.34
    234.00    173.00    241.68    173.15
    235.00    143.00    242.88    142.72
    242.00    176.00    249.98    176.66
    262.00    168.00    269.60    168.64
    266.00    167.00    273.00    167.00
    279.00    161.00    286.07    161.04
    322.00    163.00    328.96    162.93
    327.00    164.00    334.20    164.28
    329.00    152.00    336.00    153.00
    351.00    153.00    358.88    153.67
    355.00    178.00    362.92    178.80
    362.00    142.00    369.53    142.67
    395.00    142.00    402.83    143.39
    412.00    165.00    419.00    167.00
    431.00    165.00    437.25    168.06
    439.00    166.00    445.34    169.15
    444.00    175.00    449.65    178.04
     86.00    193.00     95.30    191.57
     94.00    218.00    104.42    216.06
     95.00    190.00    104.62    188.43
    108.00    192.00    116.84    190.83
    109.00    186.00    117.72    184.68
    140.00    196.00    149.17    194.79
    142.00    211.00    151.76    209.83
    167.00    187.00    175.69    186.32
    177.00    190.00    184.91    189.71
    185.00    192.00    192.83    191.17
    187.00    216.00    196.01    214.90
    221.00    212.00    229.06    211.74
    238.00    208.00    246.10    207.86
    251.00    204.00    258.85    204.03
    253.00    192.00    260.90    192.15
    276.00    196.00    283.37    196.05
    281.00    216.00    289.24    215.89
    283.00    191.00    290.22    191.03
    311.00    186.00    318.03    185.97
    312.00    191.00    320.00    191.00
    326.00    196.00    333.87    196.09
    367.00    194.00    374.98    194.47
    368.00    182.00    376.09    183.74
    372.00    190.00    380.14    190.98
    397.00    210.00    404.92    211.92
    399.00    188.00    407.00    189.00
    402.00    195.00    409.79    197.09
    423.00    183.00    430.04    185.63
    424.00    216.00    430.96    217.89
    436.00    185.00    442.65    187.61
     70.00    241.00     80.54    238.11
     74.00    241.00     84.22    238.12
    101.00    254.00    111.18    251.14
    112.00    257.00    122.54    254.57
    125.00    230.00    135.30    228.07
    136.00    236.00    146.48    234.03
    152.00    259.00    162.75    257.03
    158.00    235.00    168.32    233.10
    158.00    240.00    168.41    238.09
    191.00    234.00    200.18    232.68
    196.00    255.00    205.74    253.52
    212.00    245.00    220.41    243.90
    224.00    239.00    232.07    238.33
    260.00    232.00    267.80    231.51
    261.00    255.00    269.00    254.00
    279.00    257.00    287.38    256.66
    290.00    254.00    298.29    253.77
    299.00    242.00    307.02    241.93
    307.00    246.00    315.38    246.10
    331.00    256.00    339.90    256.70
    339.00    253.00    347.65    253.34
    371.00    242.00    379.62    242.94
    373.00    237.00    382.00    238.00
    374.00    233.00    383.00    234.00
    386.00    259.00    395.13    260.28
    401.00    242.00    409.21    243.80
    418.00    239.00    426.39    241.21
    439.00    232.00    446.76    234.12
    455.00    260.00    463.02    261.61
    457.00    237.00    464.71    238.93
     73.00    271.00     83.93    268.38
     75.00    265.00     85.62    262.36
     79.00    280.00     90.17    277.56
    104.00    294.00    115.30    291.68
    106.00    280.00    116.42    278.30
    110.00    272.00    120.00    270.00
    164.00    298.00    175.84    296.41
    166.00    269.00    177.06    267.25
    170.00    276.00    181.02    274.30
    201.00    262.00    211.02    260.65
    201.00    268.00    211.53    266.49
    210.00    289.00    220.00    288.00
    238.00    301.00    247.53    299.88
    242.00    296.00    252.08    294.49
    260.00    265.00    268.67    264.10
    268.00    264.00    276.64    263.40
    268.00    272.00    277.23    271.06
    270.00    300.00    279.72    299.25
    316.00    282.00    325.49    282.01
    329.00    300.00    339.47    300.28
    330.00    282.00    340.16    282.10
    344.00    277.00    353.35    277.31
    345.00    297.00    355.23    297.25
    347.00    268.00    356.21    268.79
    386.00    271.00    395.63    272.46
    401.00    266.00    409.85    267.72
    412.00    282.00    420.84    283.88
    431.00    281.00    439.73    283.34
    445.00    276.00    452.84    277.62
    458.00    291.00    466.32    292.69
     70.00    322.00     81.45    319.35
     86.00    334.00     98.64    332.85
     92.00    328.00    104.07    326.24
    104.00    302.00    115.43    299.41
    104.00    308.00    115.75    305.99
    104.00    322.00    115.80    320.26
    171.00    308.00    182.35    306.10
    176.00    333.00    188.22    331.99
    180.00    305.00    191.64    302.86
    184.00    338.00    196.46    336.79
    207.00    327.00    218.42    325.52
    216.00    319.00    226.99    317.64
    223.00    337.00    233.98    336.11
    228.00    307.00    238.32    305.83
    252.00    338.00    263.42    336.66
    278.00    309.00    287.84    308.35
    288.00    312.00    299.00    311.00
    300.00    308.00    310.03    308.01
    311.00    328.00    321.88    328.15
    323.00    328.00    333.89    328.46
    332.00    309.00    342.30    308.79
    345.00    322.00    355.86    322.03
    351.00    339.00    362.16    339.97
    376.00    315.00    386.61    316.00
    398.00    335.00    409.00    337.00
    405.00    330.00    415.61    331.22
    419.00    316.00    429.21    317.74
    439.00    310.00    448.49    312.00
    443.00    329.00    452.20    330.31
    449.00    334.00    459.05    336.79
     72.00    379.00     86.36    376.88
     76.00    372.00     90.47    370.13
     91.00    377.00    105.96    375.09
    119.00    381.00    133.55    379.64
    139.00    365.00    152.52    363.33
    139.00    374.00    151.96    372.74
    167.00    378.00    179.14    376.72
    171.00    374.00    182.93    372.24
    178.00    370.00    189.95    368.22
    186.00    353.00    198.02    351.92
    213.00    373.00    224.12    371.75
    217.00    348.00    228.14    347.02
    231.00    367.00    242.77    365.80
    234.00    358.00    245.24    357.10
    236.00    367.00    247.88    365.98
    270.00    381.00    282.29    380.54
    278.00    351.00    288.51    350.11
    289.00    378.00    301.09    377.82
    314.00    379.00    325.91    379.27
    326.00    352.00    337.56    351.96
    331.00    342.00    342.05    342.24
    352.00    368.00    367.79    369.13
    355.00    347.00    366.16    347.72
    363.00    371.00    374.53    372.87
    382.00    374.00    393.69    376.49
    410.00    351.00    420.60    352.80
    417.00    354.00    427.16    355.85
    430.00    348.00    440.03    349.97
    434.00    345.00    444.00    346.00
    442.00    363.00    452.23    364.83
     80.00    418.00     95.20    415.67
     94.00    418.00    109.46    415.76
     95.00    383.00    109.27    381.28
    112.00    404.00    126.92    402.08
    124.00    392.00    138.61    390.57
    135.00    413.00    149.61    411.26
    152.00    409.00    165.94    407.70
    170.00    402.00    183.11    400.07
    180.00    393.00    193.14    391.86
    208.00    416.00    221.01    415.20
    210.00    410.00    222.58    408.68
    218.00    398.00    230.38    396.70
    225.00    399.00    237.39    397.56
    230.00    393.00    242.89    392.31
    231.00    400.00    243.96    399.31
    288.00    393.00    301.00    394.00
    289.00    383.00    301.29    382.71
    291.00    389.00    303.00    389.00
    315.00    405.00    327.61    407.06
    325.00    393.00    337.97    394.74
    338.00    406.00    350.58    407.33
    353.00    385.00    366.45    386.20
    368.00    400.00    381.09    401.80
    390.00    392.00    401.32    393.94
    405.00    399.00    415.70    400.89
    414.00    403.00    424.94    404.76
    435.00    406.00    445.11    407.66
    447.00    383.00    457.00    385.00
    457.00    420.00    467.81    421.72
     83.00    436.00     98.84    434.15
    100.00    437.00    115.70    435.34
    101.00    455.00    117.00    453.00
    108.00    455.00    123.66    452.76
    120.00    432.00    134.86    430.19
    124.00    450.00    139.10    447.48
    161.00    439.00    174.79    437.04
    174.00    445.00    188.56    443.06
    181.00    440.00    194.56    438.63
    190.00    437.00    203.25    435.34
    213.00    447.00    225.81    445.17
    213.00    452.00    226.00    451.00
    231.00    429.00    244.34    428.02
    241.00    423.00    253.63    422.51
    248.00    423.00    260.77    422.55
    262.00    442.00    275.03    441.71
    279.00    437.00    292.40    436.17
    283.00    447.00    296.11    446.69
    311.00    439.00    324.55    439.94
    324.00    437.00    338.00    438.00
    366.00    443.00    380.11    444.19
    377.00    443.00    390.13    444.06
    407.00    438.00    419.66    439.36
    421.00    451.00    434.25    451.88
    423.00    443.00    435.01    444.37
    438.00    431.00    449.63    432.35
    461.00    425.00    472.02    426.95