     91.00    106.00     90.95    105.98
     92.00     98.00     91.95     97.98
    102.00    130.00    101.97    129.97
    106.00     84.00    105.96     83.99
    112.00    112.00    111.96    111.98
    115.00     95.00    114.96     94.98
    119.00    111.00    118.97    110.98
    119.00    130.00    118.97    129.97
    120.00    123.00    119.97    122.98
    128.00     97.00    127.97     96.97
    151.00    104.00    150.97    103.98
    161.00    108.00    160.98    107.98
    167.00    111.00    166.98    110.96
    169.00    117.00    168.98    116.96
    170.00    129.00    169.99    128.95
    171.00    122.00    170.99    121.95
    177.00    120.00    176.97    119.96
    188.00     77.00    187.93     76.97
    192.00     77.00    191.94     76.97
    213.00    130.00    212.98    129.95
    230.00     90.00    229.95     89.96
    251.00     81.00    250.95     80.96
    261.00     91.00    260.95     90.96
    269.00     91.00    268.94     90.96
    269.00     95.00    268.94     94.96
    273.00     86.00    272.93     85.96
    279.00     95.00    278.94     94.97
    287.00     88.00    286.94     87.98
    287.00     93.00    286.94     92.98
    291.00     96.00    290.95     95.98
    293.00    106.00    292.95    105.97
    299.00    138.00    298.96    137.97
    302.00     81.00    301.96     80.96
    304.00     95.00    303.96     94.97
    308.00     83.00    307.97     82.97
    310.00     99.00    309.96     98.97
    324.00     85.00    323.98     84.98
    331.00     89.00    330.97     88.98
    338.00    113.00    337.96    112.99
    339.00    117.00    338.97    116.99
    369.00    103.00    368.99    102.98
    373.00     67.00    373.00     66.98
    387.00    128.00    385.96    128.02
    401.00    109.00    399.97    109.01
    405.00     98.00    405.00     97.00
    409.00    102.00    409.01    101.98
    422.00    133.00    421.98    132.98
    424.00    125.00    423.98    124.98
    425.00    119.00    424.98    118.99
    426.00    114.00    425.98    113.98
     72.00    204.00     70.98    204.03
     84.00    178.00     83.02    179.02
     88.00    168.00     88.02    168.96
     92.00    182.00     91.97    181.97
    101.00    195.00     99.98    195.04
    102.00    187.00    101.96    186.98
    103.00    181.00    102.96    180.98
    128.00    208.00    127.00    208.02
    138.00    212.00    137.99    211.96
    139.00    174.00    138.98    173.97
    142.00    213.00    141.99    212.97
    144.00    142.00    143.98    141.97
    148.00    154.00    147.98    153.97
    150.00    190.00    149.99    189.98
    160.00    160.00    159.98    159.96
    160.00    193.00    160.00    192.97
    164.00    142.00    163.99    141.96
    175.00    152.00    174.96    151.95
    199.00    151.00    198.96    150.93
    202.00    155.00    201.97    154.95
    217.00    156.00    216.97    155.96
    251.00    194.00    250.93    193.96
    261.00    191.00    260.95    190.96
    268.00    199.00    267.94    198.97
    269.00    215.00    268.94    214.96
    271.00    191.00    270.97    190.96
    272.00    206.00    271.96    205.97
    273.00    142.00    272.97    141.96
    274.00    202.00    273.97    201.95
    283.00    206.00    282.98    205.96
    297.00    153.00    296.97    152.96
    304.00    151.00    303.98    150.97
    306.00    161.00    305.98    160.97
    316.00    158.00    315.97    157.99
    318.00    147.00    317.97    146.98
    320.00    141.00    319.96    140.99
    321.00    168.00    320.98    167.98
    337.00    166.00    336.96    166.00
    342.00    161.00    341.98    161.00
    347.00    194.00    346.99    193.99
    368.00    181.00    367.98    180.98
    372.00    215.00    371.98    214.97
    381.00    174.00    380.96    173.98
    393.00    186.00    392.98    185.97
    395.00    211.00    394.98    210.96
    404.00    152.00    403.00    152.01
    414.00    187.00    413.98    186.98
    416.00    179.00    415.97    178.98
    417.00    209.00    416.97    208.97
    428.00    205.00    427.97    204.98
     76.00    254.00     75.98    253.95
     77.00    248.00     76.97    247.96
     79.00    216.00     77.98    216.03
     82.00    241.00     81.98    240.94
     87.00    219.00     86.02    220.01
     87.00    248.00     86.97    247.95
     92.00    221.00     92.04    221.95
     98.00    223.00     96.97    223.03
    120.00    246.00    119.02    246.02
    129.00    237.00    128.03    237.01
    142.00    245.00    141.02    245.03
    147.00    272.00    146.99    271.96
    154.00    278.00    153.01    278.04
    155.00    222.00    155.01    221.95
    156.00    271.00    155.00    271.03
    162.00    245.00    161.03    245.03
    196.00    217.00    195.96    216.95
    209.00    220.00    208.92    219.96
    210.00    231.00    208.99    231.00
    214.00    234.00    213.00    234.00
    219.00    219.00    217.95    219.01
    263.00    245.00    262.93    244.97
    270.00    230.00    269.95    229.97
    270.00    235.00    269.95    234.97
    272.00    221.00    271.94    220.97
    274.00    245.00    273.95    244.96
    284.00    237.00    283.98    236.97
    284.00    243.00    283.96    242.98
    287.00    220.00    286.98    219.97
    289.00    244.00    288.98    243.97
    302.00    289.00    301.96    288.97
    316.00    242.00    315.97    241.97
    329.00    282.00    328.96    281.97
    331.00    251.00    330.95    250.97
    337.00    252.00    336.96    251.96
    352.00    289.00    351.92    288.98
    357.00    259.00    356.95    258.96
    358.00    252.00    357.95    251.96
    366.00    251.00    365.95    250.97
    367.00    258.00    366.94    257.97
    378.00    224.00    377.98    223.97
    384.00    217.00    383.98    216.96
    384.00    264.00    382.95    264.03
    389.00    222.00    388.99    221.95
    405.00    242.00    404.97    241.96
    416.00    237.00    415.97    236.96
    421.00    216.00    420.97    215.97
    422.00    275.00    421.92    274.97
    425.00    239.00    424.98    238.97
    427.00    281.00    426.93    280.97
     67.00    296.00     66.99    295.95
     73.00    321.00     72.99    320.94
     80.00    301.00     79.99    300.95
     81.00    350.00     80.02    351.01
     84.00    322.00     84.00    321.93
     90.00    313.00     90.00    312.94
     93.00    329.00     92.99    328.94
     96.00    314.00     96.01    313.94
    136.00    334.00    136.01    334.94
    136.00    338.00    135.00    339.04
    145.00    330.00    145.01    330.95
    150.00    311.00    149.99    310.95
    157.00    362.00    156.99    361.98
    166.00    334.00    165.98    333.97
    184.00    356.00    182.98    356.03
    186.00    343.00    185.98    342.97
    187.00    310.00    185.99    310.02
    195.00    313.00    193.99    313.02
    207.00    347.00    206.97    346.97
    213.00    358.00    212.97    357.98
    222.00    361.00    221.96    360.97
    231.00    334.00    230.98    333.97
    231.00    363.00    230.98    362.97
    252.00    334.00    251.98    333.97
    266.00    306.00    265.97    305.97
    267.00    351.00    266.98    350.96
    270.00    313.00    269.98    312.97
    270.00    344.00    269.98    343.97
    290.00    364.00    289.00    365.04
    291.00    358.00    290.00    359.04
    297.00    316.00    296.97    315.96
    300.00    347.00    299.97    346.97
    301.00    303.00    300.97    302.98
    309.00    315.00    308.96    314.98
    315.00    316.00    314.95    315.98
    350.00    302.00    349.93    301.98
    355.00    296.00    354.91    295.97
    360.00    302.00    359.91    301.98
    363.00    317.00    364.01    317.99
    366.00    303.00    366.07    304.01
    370.00    328.00    369.92    328.00
    396.00    334.00    395.93    333.99
    420.00    337.00    419.93    336.99
    421.00    331.00    420.92    330.99
    426.00    338.00    425.94    338.00
    434.00    339.00    433.94    338.99
    437.00    296.00    437.05    296.99
    438.00    318.00    437.94    317.99
    439.00    346.00    438.95    345.99
    443.00    335.00    442.95    334.99
     74.00    434.00     73.99    434.00
     75.00    441.00     74.99    441.00
     83.00    438.00     82.99    437.99
     85.00    371.00     84.98    370.97
     97.00    377.00     95.99    377.03
    110.00    394.00    109.98    393.99
    115.00    383.00    114.98    382.98
    120.00    385.00    119.98    384.98
    128.00    387.00    127.98    386.99
    135.00    390.00    134.98    389.99
    141.00    392.00    140.99    391.99
    149.00    395.00    148.99    394.99
    159.00    398.00    158.99    397.99
    169.00    401.00    168.99    400.99
    175.00    403.00    174.99    402.99
    182.00    405.00    181.98    404.99
    192.00    408.00    191.97    407.99
    198.00    374.00    197.98    373.99
    199.00    386.00    198.98    385.99
    199.00    410.00    198.97    409.99
    216.00    416.00    215.96    415.98
    232.00    420.00    231.97    419.98
    234.00    403.00    233.98    402.98
    235.00    396.00    234.98    395.98
    242.00    411.00    241.97    410.98
    263.00    370.00    262.99    369.97
    276.00    433.00    275.01    433.03
    281.00    368.00    279.99    369.04
    287.00    408.00    286.99    407.99
    291.00    381.00    290.00    382.04
    298.00    371.00    297.00    372.02
    301.00    439.00    300.02    439.02
    326.00    428.00    325.00    428.03
    348.00    372.00    347.96    372.00
    349.00    437.00    348.97    436.99
    355.00    371.00    354.94    371.00
    357.00    420.00    356.96    420.00
    362.00    428.00    361.97    428.00
    363.00    422.00    362.95    422.00
    363.00    433.00    362.96    433.00
    368.00    422.00    367.96    421.99
    375.00    418.00    374.96    418.00
    380.00    417.00    379.96    416.99
    388.00    417.00    387.96    417.00
    393.00    411.00    392.96    410.99
    405.00    406.00    404.97    405.99
    417.00    401.00    416.97    400.98
    425.00    401.00    424.97    400.98
    426.00    389.00    425.96    388.99
    429.00    395.00    428.97    394.99
