     76.00    101.00     77.13    100.92
     81.00     77.00     81.38     76.42
     86.00     90.00     87.00     90.00
     92.00     86.00     92.00     85.00
     98.00     88.00     98.81     87.61
    104.00     75.00    105.00     76.00
    154.00     79.00    155.00     79.00
    176.00    119.00    177.00    118.00
    190.00    102.00    190.83    101.09
    201.00     99.00    201.80     98.20
    232.00    157.00    233.00    157.00
    257.00    120.00    258.34    119.36
    264.00     98.00    265.30     97.58
    290.00     81.00    291.00     81.00
    311.00    104.00    312.38    103.71
    315.00    117.00    316.00    117.00
    383.00    112.00    384.12    112.00
    385.00     83.00    385.88     82.84
    416.00     95.00    416.81     94.90
    425.00     87.00    425.79     86.73
    427.00     79.00    427.00     79.00
    493.00    159.00    494.00    160.00
    519.00    119.00    520.00    119.00
    202.00    176.00    203.00    176.00
    223.00    163.00    223.74    163.07
    227.00    247.00    228.16    247.09
    237.00    205.00    237.60    204.30
    249.00    251.00    249.37    250.95
    260.00    231.00    261.00    232.00
    260.00    253.00    260.48    252.82
    268.00    227.00    269.00    228.00
    268.00    238.00    269.00    239.00
    272.00    227.00    273.00    228.00
    309.00    235.00    309.00    234.00
    341.00    208.00    342.22    208.54
    343.00    225.00    344.00    226.00
    350.00    227.00    350.89    226.62
    368.00    220.00    368.94    220.29
    387.00    253.00    388.00    253.00
    394.00    214.00    394.00    214.00
    397.00    207.00    396.85    207.81
    399.00    215.00    398.76    215.30
    406.00    209.00    405.81    209.80
    419.00    212.00    419.00    212.00
    504.00    171.00    504.00    171.00
    507.00    166.00    507.00    166.00
    239.00    329.00    240.36    329.21
    240.00    336.00    241.00    335.00
    241.00    259.00    242.05    258.78
    248.00    329.00    249.18    329.34
    259.00    284.00    260.10    284.06
    266.00    266.00    266.00    266.00
    267.00    254.00    267.36    253.97
    293.00    303.00    293.00    303.00
    302.00    269.00    303.00    269.00
    315.00    283.00    315.93    283.33
    332.00    314.00    332.73    313.16
    359.00    299.00    359.81    298.27
    360.00    320.00    360.98    319.31
    373.00    268.00    373.69    267.61
    375.00    341.00    376.10    340.31
    380.00    325.00    380.80    324.74
    387.00    323.00    388.00    323.00
    392.00    276.00    392.69    275.77
    394.00    333.00    395.02    332.73
    403.00    309.00    403.98    308.67
    411.00    304.00    411.86    303.82
    445.00    336.00    446.31    335.87
    450.00    334.00    451.00    334.00
    486.00    274.00    486.28    273.37
    490.00    258.00    490.33    257.43
    493.00    331.00    494.00    330.74
    496.00    265.00    497.00    264.00
    498.00    311.00    497.00    311.00
    500.00    261.00    500.00    260.00
    108.00    395.00    109.00    394.00
    109.00    434.00    110.17    433.42
    134.00    421.00    134.95    420.51
    143.00    411.00    144.23    410.40
    147.00    416.00    148.00    415.00
    148.00    406.00    149.00    405.00
    154.00    387.00    155.00    386.00
    185.00    399.00    186.13    398.27
    192.00    399.00    193.24    398.30
    194.00    417.00    195.12    416.14
    197.00    422.00    198.00    421.00
    211.00    418.00    212.29    417.33
    231.00    421.00    231.91    420.09
    256.00    382.00    256.35    381.20
    258.00    369.00    258.28    368.39
    261.00    386.00    261.00    385.00
    270.00    375.00    270.35    374.29
    327.00    416.00    328.00    417.00
    342.00    401.00    341.00    402.00
    343.00    417.00    343.00    417.00
    347.00    413.00    346.00    414.00
    351.00    418.00    351.00    418.00
    354.00    414.00    354.00    414.00
    383.00    406.00    383.98    405.16
    431.00    347.00    432.00    347.00
    463.00    372.00    464.21    372.26
    464.00    424.00    464.99    423.51
    465.00    419.00    466.01    418.65
    470.00    397.00    471.28    397.09
    482.00    348.00    483.46    347.94
    482.00    352.00    483.25    351.58
    503.00    352.00    504.00    352.00
     88.00    515.00     88.74    514.86
     93.00    436.00     94.36    435.44
     97.00    444.00     98.01    443.36
    105.00    451.00    106.00    450.00
    137.00    444.00    138.00    443.00
    160.00    439.00    160.35    438.35
    167.00    455.00    167.81    454.95
    218.00    457.00    219.00    458.00
    228.00    468.00    228.00    468.00
    230.00    456.00    231.00    457.00
    266.00    467.00    267.00    468.00
    268.00    463.00    269.00    464.00
    271.00    468.00    272.00    469.00
    312.00    519.00    313.00    518.00
    318.00    520.00    319.00    519.00
    324.00    467.00    325.00    466.00
    325.00    463.00    325.00    463.00
    328.00    509.00    328.73    508.69
    346.00    471.00    346.96    470.72
    348.00    478.00    349.01    477.55
    356.00    480.00    356.45    479.69
    362.00    444.00    362.16    443.78
    384.00    463.00    385.00    463.00
    387.00    473.00    387.33    472.95
    391.00    511.00    391.28    510.64
    396.00    516.00    396.30    515.75
    400.00    504.00    400.23    503.72
    414.00    515.00    414.24    514.81
    442.00    506.00    442.39    505.62
    490.00    480.00    489.98    479.65
    506.00    509.00    506.64    508.70
    509.00    498.00    510.00    497.00
    510.00    476.00    509.91    475.80
    513.00    507.00    514.00    506.00
    516.00    480.00    515.98    479.85
    517.00    501.00    517.00    500.00
    519.00    510.00    519.54    509.69
    523.00    477.00    522.64    476.97
